// time_step        0.01
// time_units       seconds
// freq_lim         0.0     20.0
0.202809
0.182843
0.0991598
0.0084078
-0.200095
-0.0900841
0.253526
0.335264
0.231429
0.127103
-0.0445545
-0.305315
-0.34532
0.019699
0.206256
0.286194
0.280598
0.133746
-0.0115795
-0.102347
-0.232338
-0.0859533
0.17021
0.2663
0.358383
0.280552
0.0536025
-0.0785406
-0.176066
-0.0744191
0.0478711
0.101263
0.305476
0.255294
0.21474
0.14336
0.0993937
-0.023677
-0.085465
-0.0811709
-0.11342
0.0336822
0.170538
0.275969
0.0114729
-0.0938547
-0.203836
-0.240437
-0.0527339
0.148542
0.256661
0.0155517
-0.143656
-0.271607
-0.0623039
0.119693
0.151742
0.245934
-0.00770575
-0.0966521
-0.115936
-0.176491
0.102328
0.0808993
-0.00314827
-0.0943809
-0.17659
-0.154991
-0.126178
0.0019758
0.130265
0.0870597
-0.0930388
-0.0879367
0.158758
0.209678
0.219345
0.0322566
-0.00451365
-0.0330681
-0.278065
-0.173261
0.112607
0.192223
0.0230728
-0.179054
-0.29913
-0.130889
0.0146196
0.2394
0.167709
0.161696
0.0729701
0.0326977
-0.0294767
-0.00680836
0.0710172
0.0307625
0.0282802
0.105683
-0.017424
-0.19141
-0.183399
-0.0781409
0.0592222
0.170786
0.150578
0.0669516
-0.0390575
0.0231176
-0.221181
-0.295199
-0.219567
-0.0818113
0.0372436
0.0677762
0.00151719
-0.0220512
0.0909856
0.14234
0.0310775
0.107261
0.103179
0.0964191
0.0248194
-0.147939
-0.174748
-0.029045
0.0529563
0.0934208
0.0944626
-0.0269736
-0.0319175
0.0513892
0.245853
0.267916
0.131001
0.000336263
-0.0218329
-0.119239
-0.11051
-0.141112
0.0513908
0.179088
0.2555
0.077969
-0.00332012
-0.0164782
-0.075167
-0.0490164
-0.196942
-0.128089
-0.285935
-0.27178
0.0281034
-0.128321
0.0673518
0.0544983
0.0787429
-0.219361
-0.199383
-0.140675
0.147369
0.211948
0.239213
0.254603
-0.0177059
-0.133216
-0.186577
-0.260142
-0.221958
-0.0779059
0.0240979
0.162634
0.248121
-0.0156258
-0.134088
-0.181135
-0.225546
-0.174082
0.156165
0.317756
0.415486
0.190383
0.00276252
-0.022717
0.0300941
-0.0891889
-0.07307
-0.140351
-0.0805015
-0.108426
0.0190256
0.160785
0.199835
0.00673159
0.029155
-0.0224402
-0.0501348
-0.298442
-0.554922
-0.475598
-0.273759
0.0429459
0.134211
0.0916293
0.140489
0.112509
0.0657895
-0.0892152
-0.103698
-0.0599171
-0.0570767
-0.0820482
0.0723531
0.243161
0.0888136
0.0174936
-0.131964
-0.152412
-0.139983
-0.0784463
-0.0491607
-0.0264682
0.17062
0.144673
0.26262
0.128584
0.0228893
-0.0975939
-0.0305818
0.103636
0.219148
0.103266
-0.0270652
-0.0876809
-0.100148
-0.00921216
0.175078
0.325586
0.292318
-0.0951547
-0.195048
-0.255572
-0.239416
-0.0769528
-0.0913145
-0.069988
-0.0745149
-0.0959704
-0.138302
-0.0273374
0.139844
0.181966
0.161244
0.0598176
-0.152153
-0.129342
-0.0937902
-0.111074
-0.0890841
-0.071022
-0.00396132
-0.0241579
-0.0274192
-0.174302
-0.262341
-0.256354
-0.240131
0.017167
0.194393
0.175358
0.24612
-0.128019
-0.14575
-0.0391381
-0.0803874
0.101511
0.10806
0.155336
0.0462888
-0.016039
-0.0790931
-0.0936887
-0.136894
-0.0880726
-0.00676201
-0.0182174
0.0505215
-0.0230253
0.0693254
0.100998
-0.0752972
-0.221954
-0.0273914
-0.0274446
0.0330992
0.108617
0.0292166
0.145433
0.0496103
-0.309467
-0.23561
-0.0972334
-0.163113
-0.213092
-0.190195
-0.206853
-0.113931
-0.177413
-0.255687
-0.171719
-0.183679
-0.0219646
0.227314
0.494885
0.234056
-0.0280738
-0.112706
-0.337069
-0.041479
0.0613344
0.24647
0.0981156
-0.094212
-0.298922
-0.245819
-0.291202
-0.219616
-0.0524079
0.141163
0.116243
0.15449
-0.126369
-0.0865456
-0.0472549
-0.0298152
0.0968402
-0.0700747
-0.219993
-0.213502
-0.241463
-0.159716
0.147666
0.387097
0.306328
0.158251
-0.0686563
-0.217461
-0.172151
-0.105026
-0.00473953
-0.00138058
0.000864919
-0.0526353
-0.0066907
-0.051166
-0.014974
0.0879846
0.119256
0.199045
0.166088
0.240637
0.244935
-0.0726578
-0.110563
-0.167706
-0.118353
-0.0695303
0.0059023
0.147
0.127743
-0.0710846
-0.139489
-0.0824353
0.0259151
0.0422293
0.0687296
0.109439
0.0657354
-0.0406301
0.0379726
-0.0903202
-0.0152709
-0.124469
0.0210414
-0.0258661
-0.0638458
-0.112615
-0.049157
-0.12393
-0.223625
-0.0807172
0.0712601
0.205427
0.223565
0.339852
0.230131
0.00718812
-0.172405
-0.15518
-0.0260387
0.0834367
0.15475
0.145723
0.0260784
-0.123048
-0.0852615
-0.119959
-0.0849723
-0.0779983
0.250358
0.284076
0.205952
-0.0243646
-0.2713
-0.225561
-0.18705
0.00380785
-0.0134827
-0.065947
-0.171024
-0.23897
-0.0908994
-0.0211509
0.211768
0.10416
-0.00919529
-0.0791635
-0.178013
-0.186704
0.0379974
0.199893
0.335607
-0.0387923
-0.383839
-0.559921
-0.339646
-0.0789174
0.186126
0.257873
0.229362
-0.0314088
-0.0849169
-0.206373
-0.0400115
0.0158608
-0.139589
-0.0223574
0.0929916
-0.075973
0.0308803
0.185497
0.105571
0.0086466
-0.0474701
-0.137775
-0.263585
-0.0984588
-0.05463
0.0602413
0.165035
0.034192
-0.0150447
0.0127883
0.0894422
0.0576534
0.158674
0.167023
0.141249
0.081827
0.407167
0.133292
0.0157047
-0.0865773
-0.11423
-0.105946
-0.169077
-0.0854353
-0.166424
0.0388735
0.215758
0.243669
0.234502
0.0766905
0.0952455
-0.179498
-0.260303
-0.163254
0.0731787
0.291975
0.252374
0.208166
0.175579
0.0268561
-0.035715
-0.180215
-0.114166
0.0698648
0.0982378
0.135666
-0.0100178
-0.141316
-0.079305
-0.04977
-0.0867148
-0.106745
-0.170641
-0.195369
-0.222749
-0.0562258
0.106167
0.194872
0.327896
0.136936
0.106793
0.112637
-0.136704
-0.279307
-0.238881
0.120138
0.0476037
-0.0898364
-0.142577
0.0604752
0.0324974
-0.00321291
0.0386106
-0.0848804
-0.0830067
0.0188276
0.125487
0.103993
0.128002
-0.0233465
-0.133843
-0.16228
0.129933
0.225003
0.154376
0.0761569
-0.163036
-0.12081
0.0286551
-0.145652
-0.0715151
-0.145074
-0.0297454
0.0159812
0.0487581
0.0429497
0.222924
0.197405
0.279048
0.152412
0.0765227
-0.113636
0.0442678
0.102496
0.234333
0.137882
0.0124607
-0.273736
-0.446049
-0.574161
-0.254963
0.280661
0.462482
0.309145
-0.10465
-0.326589
-0.551829
-0.40716
-0.198801
-0.044175
0.157876
0.0615723
0.132587
-0.080615
-0.154023
-0.0237817
0.286446
0.359875
0.156252
-0.204104
-0.213044
-0.215303
0.00992077
0.0230618
-0.0401422
-0.0765301
-0.0461027
0.126011
0.161133
0.0161577
-0.223587
-0.265051
-0.0455255
0.172738
0.114015
0.0672243
-0.0237723
-0.0637237
-0.140345
-0.191285
-0.0452349
0.0116488
0.139236
0.0586834
0.0165237
0.0673977
-0.0776883
-0.192216
-0.0874329
-0.0463065
0.0268559
0.0523135
0.04328
0.0577232
0.214483
0.2624
0.254405
0.204167
0.125104
0.122061
0.0229885
0.0575016
-0.342618
-0.240303
-0.0917825
0.0360325
0.280987
0.338621
0.256453
0.054488
-0.131613
-0.206357
-0.13107
-0.132104
-0.10513
-0.0479777
-0.181175
-0.127063
-0.0524607
0.193642
0.0890746
-0.12748
-0.321976
-0.128928
-0.0955477
0.241135
0.183552
0.285904
-0.00162556
-0.175063
0.0416201
0.202666
0.453906
0.507139
0.278647
-0.143752
-0.200948
-0.128469
-6.80577e-05
0.275643
0.324984
0.00114241
-0.199071
-0.392274
-0.185403
0.099573
0.252004
0.448958
0.209124
-0.012221
-0.0680033
-0.283185
-0.167481
0.0388436
0.0600489
0.161573
0.183536
0.134075
0.181658
0.0497091
-0.0318552
-0.058258
0.0315974
0.133277
0.282531
-0.0145138
-0.0994422
-0.0528668
0.0075151
0.12005
-0.0807261
-0.206758
-0.171812
-0.0326245
-0.0299414
0.0248726
0.188489
0.0941554
0.0908946
-0.0847394
-0.0522109
-0.0976551
-0.199355
-0.267645
-0.179592
-0.0391238
0.05551
0.09057
0.100683
-0.0194965
-0.017112
0.101533
0.140872
0.128753
0.0801898
-0.321406
-0.362611
-0.278223
-0.00157904
0.00668513
0.136339
0.0122155
0.0628268
0.0478142
-0.0805397
-0.0932351
-0.0999915
-0.0619739
-0.0402364
-0.0927337
-0.0171581
-0.0700359
-0.0892891
-0.153097
-0.0759531
-0.0295142
-0.0739286
0.112541
0.210254
0.265652
0.281657
0.251784
0.0980121
-0.0167149
-0.154843
0.0302888
-0.0694194
-0.0459164
-0.00405599
0.0967304
0.180809
0.239916
0.189315
0.13871
0.0893266
-0.0126663
-0.0259784
0.0659786
0.123812
0.128815
0.119826
0.0974866
-0.203845
-0.248774
-0.0481941
0.0232492
0.154024
-0.0287151
-0.223204
-0.0161766
-0.180664
-0.0241988
0.0887552
0.137823
0.0542293
-0.0972831
-0.202477
-0.109271
-0.00203125
0.0696329
-0.0122118
-0.0162203
0.0149952
0.0540913
0.143654
-0.000740977
-0.233443
-0.160479
-0.160806
-0.135941
0.0465235
0.137146
0.0652683
0.0751296
-0.0141577
-0.084229
0.137788
0.201615
0.0850663
-0.0585192
-0.325092
-0.23791
0.00010365
0.227684
0.364312
0.325439
-0.150554
-0.20841
-0.305029
-0.0845347
0.113027
0.249197
0.200093
0.226402
-0.0775488
-0.174117
0.0134681
0.256835
0.285427
0.144185
-0.0294312
-0.211917
-0.310272
-0.183753
-0.108876
-0.0788742
0.00744581
-0.0816788
-0.237688
-0.265676
-0.127762
0.00102478
0.0822923
0.139644
0.111544
0.155647
0.154138
0.0794399
-0.0743764
-0.0348526
-0.184185
-0.135716
-0.222454
-0.0637625
0.264613
0.522
0.430738
0.233909
0.0295593
-0.25408
-0.183708
-0.18608
-0.157248
0.0261903
0.102114
0.0330537
0.000730654
0.170988
0.179654
0.111069
0.0740872
0.10609
0.185632
0.125052
0.0490751
-0.201164
-0.148155
-0.0667728
0.0311722
0.0987793
0.249133
0.1294
-0.040892
-0.0228712
-0.0611967
0.000426488
-0.146144
0.125986
0.301693
0.366366
0.133271
0.0242085
-0.351671
-0.163408
-0.0429489
0.0553585
0.0548459
-0.0235913
0.0618034
0.10515
0.0609644
-0.0436367
-0.0590513
0.143214
0.265604
0.261932
0.251335
0.153026
0.0930593
-0.300479
-0.187214
-0.147046
0.162164
0.179577
0.206346
0.0808411
0.0606071
0.017344
0.172579
0.20861
-0.0475099
-0.140145
-0.213077
-0.161438
-0.0771453
0.0594374
0.0170906
0.0768488
0.0246594
-0.0573144
-0.112444
-0.0193206
0.0362536
0.0905045
0.153309
0.0345892
-0.0635327
-0.176427
-0.0402076
0.0938147
0.24174
0.0466505
-0.0224863
-0.150122
-0.187973
-0.0340793
0.164335
0.276784
0.211877
-0.155561
-0.154604
-0.153734
-0.049643
0.034176
0.138903
0.00734278
-0.0982639
-0.191428
-0.0806978
0.00861828
0.11389
0.198616
0.169716
0.0550258
-0.101166
-0.0560994
0.0325003
0.177263
0.283973
0.279314
0.191557
0.0884046
0.00242649
-0.155339
-0.185906
-0.111187
-0.0335308
0.0363755
0.165577
0.262748
0.305749
0.157407
-0.00662245
-0.331088
-0.296919
-0.112156
0.00710269
0.272505
0.343218
0.116999
0.0137358
0.0146208
-0.0830846
0.126589
0.249651
0.269987
0.305469
0.0560363
-0.0871979
-0.202199
-0.120134
-0.0966485
0.00614074
0.0811014
-0.0250322
0.00891172
-0.0725441
-0.084109
-0.15628
-0.0546752
0.0564206
0.27819
0.30477
0.165917
0.0116402
0.0171554
-0.169635
-0.245821
-0.208458
0.0671784
0.301077
0.346656
0.324969
0.224251
0.0206755
0.0667723
-0.163379
-0.150923
0.0525649
0.162909
0.191523
0.187961
0.00512133
-0.128574
-0.157177
-0.255916
-0.0249594
0.3053
0.388383
0.350205
0.0624318
-0.186865
-0.243685
-0.209965
-0.0350597
0.27094
0.190306
0.104136
-0.0165861
-0.0643653
0.0195222
-0.0107647
0.105421
0.212236
0.0985441
0.00758174
-0.143124
0.142801
0.0320117
0.00642281
-0.0311104
-0.208974
-0.266186
-0.162715
-0.00588116
0.0513317
0.202908
0.280163
0.0594338
-0.29704
-0.34181
-0.290701
0.0966545
0.269549
0.478692
0.337512
0.12135
0.0246463
-0.113604
-0.204179
-0.292163
-0.0953942
0.0509126
0.107741
0.109805
0.0479563
-0.150272
-0.103042
-0.166888
-0.114088
-0.127091
-0.167392
0.0811213
0.206962
0.337373
0.265252
0.184208
-0.252663
-0.115144
-0.0769963
0.0760408
0.247229
0.137787
0.160774
0.0284234
-0.0680466
-0.0964802
-0.162585
-0.0423578
0.102387
0.161418
0.0397264
-0.149812
-0.143641
-0.102738
-0.176466
-0.196394
-0.254157
-0.0212731
0.0616608
0.0610228
0.167905
0.0313481
-0.0572681
0.0616731
0.0592905
0.10209
0.123522
0.167467
-0.000834877
-0.0700832
0.103279
0.212679
0.220852
0.133129
0.0853637
-0.0106636
-0.389041
-0.321759
-0.157492
-0.00758417
0.0120163
-0.0162269
0.0144082
-0.119669
-0.0837443
-0.0524687
-0.142665
-0.171272
-0.180057
-0.0201672
0.07361
-0.129805
-0.21352
-0.117761
-0.0998304
0.101202
0.0501114
0.0458269
0.086473
0.062627
-0.102894
-0.0321435
-0.0429198
0.13256
0.0473652
0.153892
0.057411
-0.0442066
-0.0424796
-0.0588835
-0.0034399
0.036939
0.0442281
0.236639
0.209924
0.338889
-0.0533381
-0.0898916
-0.0577753
-0.0378895
0.092712
-0.0121796
0.148059
-0.0891212
-0.043621
-0.0178707
-0.0896357
-0.0412081
0.0137722
0.123831
0.0863289
0.014343
-0.0570486
-0.315947
-0.095526
0.209408
0.297355
0.335622
0.319572
0.277204
0.312845
0.045831
0.000579084
0.0879687
0.234817
0.274771
0.244718
-0.0465128
-0.280772
-0.491256
-0.370032
-0.146114
0.0172252
0.00937945
0.0385699
0.0960945
0.186101
0.124277
0.058467
0.0774446
-0.0171841
0.0168156
-0.131009
0.00498596
-0.0924576
0.0259446
-5.19056e-06
0.0386096
-0.195897
-0.188539
-0.119125
0.0190445
0.0278568
-0.109459
-0.149018
-0.0863531
-0.105412
0.0866533
0.157473
0.151126
0.238899
0.0789134
-0.256648
-0.163984
0.0411972
0.239993
0.363517
0.249019
0.0724327
-0.16905
-0.320226
-0.336256
0.00308162
0.175927
0.167143
0.214558
0.316447
0.207987
-0.0437647
-0.214374
-0.173265
-0.230851
-0.15986
0.140023
0.138703
-0.0452589
-0.315207
-0.114084
0.0389176
0.128489
0.202408
0.165319
-0.0288397
-0.115115
-0.194532
-0.164012
0.0401288
0.274166
0.340021
0.134468
-0.31716
-0.410141
-0.414833
-0.107179
0.166748
0.36004
0.23113
0.0948105
-0.205769
-0.172679
-0.0630271
-0.0221863
0.068011
-0.0406506
-0.219909
-0.00905909
0.161792
0.307764
0.212614
-0.0236563
-0.288343
-0.430843
-0.161036
-0.107983
0.134693
0.24499
0.191118
0.103172
-0.00458561
-0.179867
-0.205809
-0.0514353
0.19182
0.450987
0.504514
0.11356
-0.131686
-0.415512
-0.36216
0.0796596
0.258807
0.157842
0.0381661
-0.186391
-0.146253
-0.0781752
0.0884634
0.355105
0.333488
0.0315944
-0.00491098
-0.148776
-0.198749
-0.387699
-0.114166
-0.00176168
0.188615
0.0147438
-0.0741667
-0.206017
-0.103313
-0.0594013
0.0245132
0.0639388
0.00739772
-0.183294
-0.188452
-0.036701
0.0859002
0.184249
0.183359
0.068257
0.119459
-0.0579802
-0.290179
-0.215657
0.0159223
0.0885849
0.0440488
-0.0818528
-0.0450435
-0.00473197
0.0102154
0.263585
0.396258
0.296708
0.103863
0.0278424
0.0118193
-0.127117
0.024732
0.00709972
0.111887
0.283538
0.192911
-0.0325208
-0.27802
-0.470479
-0.153623
-0.0820982
0.138916
0.119918
0.179593
0.0767536
-0.0766602
0.0618634
0.167493
0.202287
0.0789227
-0.0450958
-0.0695628
0.0456546
0.123098
0.310807
0.168953
-0.0603588
-0.231758
-0.268045
-0.121979
0.0744052
0.147182
0.192856
0.134574
0.0344831
0.0264347
0.0161354
-0.0856908
0.0537838
0.019974
-0.0287911
0.0930286
0.0412325
0.129657
0.102352
-0.054223
-0.192164
-0.241938
-0.139141
0.0355068
0.00796483
0.155397
0.108653
0.0332007
-0.031287
-0.0617958
0.0582776
0.199006
0.224413
0.156161
-0.0578318
-0.21181
-0.227313
-0.22571
-0.137501
-0.0772842
0.0173489
0.170914
0.308661
0.183088
0.146016
0.0900301
0.168569
-0.161476
-0.136347
0.0637781
0.240518
0.100671
-0.183579
-0.139688
0.0500934
0.213911
0.271251
0.156976
-0.00464128
-0.17689
-0.198183
0.0219289
0.0653764
0.0653183
0.0917217
-0.104695
-0.164383
-0.152917
-0.0269747
0.149067
0.221163
0.156779
0.221807
0.100123
0.0978345
-0.054162
0.0871891
0.116672
0.228869
0.00265721
0.02801
-0.0828519
-0.107852
-0.00496429
0.0736475
0.0733093
0.048421
0.0140118
-0.0706422
0.140587
0.187965
0.160977
0.217787
0.167821
0.106024
-0.0895073
-0.0921383
-0.1966
-0.0388655
0.234535
0.164283
0.0221411
0.0437901
0.142681
0.0879219
0.167337
0.156651
0.0541171
-0.142503
-0.115186
-0.225226
-0.157266
-0.148039
-0.0014123
0.193405
0.168228
0.180906
0.230825
0.325274
0.128146
-0.0995584
-0.288002
-0.111849
0.0746509
0.0542888
0.00260229
-0.00849092
-0.0249293
-0.0848538
-0.113964
-0.137842
0.0102262
0.115894
0.244095
0.0114707
-0.130222
-0.0235661
-0.0549711
-0.0817904
0.0113478
0.229441
0.227862
0.241401
0.100755
0.0789387
-0.0699212
-0.261733
-0.208233
-0.141972
0.0964696
0.218144
0.374275
0.406206
0.0502364
-0.222633
-0.209411
-0.103071
0.118958
0.0807345
0.0141068
0.0443553
-0.0967011
-0.318678
-0.330433
-0.0802885
0.0211163
0.0587898
0.0251487
-0.0383977
-0.205477
-0.205184
-0.0375795
0.241626
0.232967
0.253359
0.149576
0.0722844
0.0470496
-0.0939551
-0.392987
-0.239075
0.0903978
0.288415
0.197207
-0.0204468
-0.164519
-0.232365
-0.347836
-0.235972
-0.0856759
0.16017
0.167912
0.0991025
0.00999024
-0.133518
-0.0704223
-0.0471399
0.109185
0.208185
0.251211
0.217829
-0.0863868
-0.0762668
-0.158434
0.0319948
0.0710496
0.324874
0.369153
0.175586
0.115655
-0.0817675
-0.280707
-0.281306
-0.19273
-0.187603
-0.0309156
0.129788
0.235384
0.18296
0.181016
0.107119
0.0482584
0.0276859
-0.0818442
-0.207313
-0.206651
-0.111502
0.131165
0.0867742
0.0984519
0.0684568
0.0882704
0.0593079
0.0665571
0.211174
0.0121701
-0.0820871
-0.176346
-0.204893
-0.0933081
0.111432
0.180332
0.352965
0.108415
0.0866506
0.0517341
-0.129495
-0.131045
-0.050368
0.0240913
0.00603349
-0.110791
-0.0624172
0.0684978
0.0682051
-0.0458094
-0.240383
-0.16543
0.0988826
0.302679
0.166067
0.0895628
-0.024197
-0.115847
-0.1801
-0.127984
-0.0147751
-0.0787121
-0.0458399
-0.0140806
0.227259
0.262787
0.199075
0.111241
-0.0150127
-0.082055
-0.0146269
-0.0923979
-0.124279
-0.0947432
0.189088
0.12531
-0.16485
-0.242096
-0.156936
-0.0296522
0.0662726
0.075536
0.0483384
-0.00220294
0.0823448
0.249453
0.200462
0.0116969
-0.0143823
-0.208371
-0.321483
-0.288126
0.0721148
0.444078
0.592623
0.309064
-0.0500476
-0.389515
-0.394187
-0.325952
-0.0985378
0.0455974
0.204294
0.252631
0.0341947
-0.157553
-0.135939
-0.127862
-0.00999003
0.0662021
0.166511
0.165366
0.0486394
-0.240441
-0.342078
-0.131739
0.113948
-0.104817
-0.119544
-0.0355304
-0.0142669
0.100245
-0.00463882
-0.0292009
0.0103627
0.104028
0.229769
-0.0137517
-0.139064
-0.065721
0.0227097
0.183221
0.143302
0.0388546
-0.0085212
-0.0732729
-0.0512437
-0.0827345
-0.0966461
-0.0598369
0.0349807
0.194142
0.221226
0.161256
-0.123102
-0.317304
-0.30414
-0.125123
0.0121617
0.154906
0.25348
0.163257
-0.0233732
-0.15841
-0.295694
-0.239389
-0.190126
-0.0954486
-0.115907
-0.0561714
0.0641661
0.0235579
0.12525
0.246459
0.210718
0.185052
0.213472
0.228584
0.194034
0.0051817
-0.028486
-0.0322033
-0.0164724
0.108458
0.124931
0.00390346
-0.0751242
-0.133674
-0.00329257
0.0212416
0.023418
0.00450329
-0.00326625
0.0933551
-0.16532
-0.207074
-0.262253
-0.193484
-0.0017218
0.104824
0.0811206
-0.167698
-0.131211
-0.142912
-0.0341473
0.0593304
0.140716
0.336806
0.163579
-0.00846909
-0.209397
-0.138653
0.131551
0.375439
0.308073
0.100314
-0.0367008
-0.181441
-0.225382
-0.19533
-0.050001
0.205943
0.316955
0.291237
0.367429
0.125297
0.00734471
-0.114204
-0.00458663
-0.199943
-0.133102
0.0459091
-0.0621561
0.0879726
0.0820368
-0.053745
-0.309844
-0.265633
-0.262197
-0.0958709
0.0105109
0.0954816
0.0209403
0.00018982
-0.0683773
-0.106822
-0.197905
-0.232047
-0.261806
-0.106333
-0.0402275
0.155314
0.0449371
-0.127515
-0.177077
-0.194072
-0.15861
-0.262711
-0.086152
-0.0541258
0.119618
0.215481
-0.0931396
-0.426855
-0.378338
-0.270698
-0.113177
-0.0774616
-0.0238947
-0.0943034
0.0194983
-0.101707
0.245296
0.354998
0.188441
-0.0574316
-0.191547
-0.205284
-0.176594
0.00424627
0.172992
0.131834
0.0799603
0.0703971
-0.00750197
0.0503931
0.0583354
0.0976239
-0.0443418
0.107055
-0.148653
-0.283497
-0.170727
-0.0486642
0.155775
0.0849493
0.0974687
-0.101702
-0.0931623
-0.0316472
0.248381
0.408653
0.187443
0.0245425
-0.0890134
-0.0556206
0.0792618
0.146597
0.389981
0.310591
0.235858
-0.0404536
-0.110682
-0.113885
-0.175903
-0.0900619
0.162769
0.200767
0.295857
0.16569
-0.0931647
-0.231408
-0.333646
-0.195571
0.0740527
0.271433
0.329053
0.211608
-0.0367006
-0.151579
-0.370631
-0.370594
-0.2533
0.167286
0.257395
0.270965
0.0634864
-0.193292
-0.183552
-0.0272601
-0.000997504
0.155972
0.0352199
-0.159736
-0.0619524
0.155314
0.251441
0.336576
0.194767
-0.0604945
-0.191514
-0.267536
-0.109683
-0.0604265
0.0239387
0.172678
0.185106
0.202213
-0.0395972
-0.0942594
-0.0617875
-0.126438
-0.146612
-0.170942
-0.2062
-0.180361
-0.0787226
-0.215855
-0.189823
-0.101158
0.070061
0.112675
0.0796987
-0.0772591
-0.0581084
-0.218315
-0.235871
-0.089113
-0.167054
-0.216403
-0.162827
-0.0445169
0.0450794
0.0123755
0.194481
0.190048
0.110806
-0.00830898
0.00159264
0.0323424
0.0488639
-0.0541732
-0.0762217
-0.0908699
-0.140719
-0.183007
-0.180834
-0.0214477
0.307773
0.267526
0.192313
-0.0243079
-0.0644871
-0.161689
0.0849958
0.1815
0.177786
0.0462816
-0.0811984
-0.0341772
0.0283408
-0.107939
-0.0750333
-0.0534417