// time_step        0.01
// time_units       seconds
// freq_lim         0.0     20.0
-0.00830977
0.29861
0.28149
0.279354
0.284054
0.280639
0.241287
0.134958
-0.0131385
0.0157457
-0.150136
-0.226624
-0.160744
-0.138016
-0.117723
-0.0709387
-0.0523503
0.0697119
0.0329125
0.094011
0.13953
0.0913251
0.106698
0.111086
-0.0528131
0.0981015
-0.0377952
0.00348239
-0.0145551
-0.116858
-0.0506536
-0.0125887
-0.0386981
0.0973629
0.134312
-0.0212541
0.00456576
-0.0393457
-0.0175561
-0.0598622
-0.109201
-0.0457433
-0.136011
-0.122842
-0.0527126
-0.0721787
-0.0337962
0.0831157
-0.00613139
0.0310797
0.00893904
-0.0268083
-0.0164217
-0.0911972
0.0522119
0.0319697
-0.0426977
0.0113109
-0.0446609
0.0460065
0.00717141
0.048315
0.0664228
0.0220138
0.0611384
0.143838
-0.0237963
0.0099519
-0.0453728
-0.162654
0.0430951
-0.053604
-0.00415249
-0.139669
-0.00972785
0.0117057
0.0088018
-0.0367217
0.025991
0.0499956
-0.00463738
-0.00474139
0.0603784
0.111003
-0.00697187
0.00328861
-0.0170777
-0.0468376
-0.0568313
-0.0592504
-0.0782789
-0.0735981
-0.0796156
-0.054283
0.063639
0.108375
0.00961247
0.0801541
0.099894
0.120338
-0.0202867
-0.0342922
-0.0433613
0.0162502
0.0238311
-0.00231171
0.141684
0.0368634
0.0386848
0.00731515
-0.054733
-0.0825734
0.02414
-0.000240555
-0.117355
-0.0241656
-0.0729928
0.0967811
0.0226116
-0.0135639
0.0339115
-0.0349351
-0.0440326
-0.00723083
-0.00513944
-0.0410673
-0.08015
-0.0872543
-0.0455183
-0.146719
-0.124177
-0.101629
-0.0702284
0.0173903
-0.0324006
-0.00237087
0.0176923
0.0620691
-8.8403e-05
0.0397549
-0.0123818
0.0253252
0.00114601
-0.0190873
-0.0140951
0.0119687
-0.0168916
-0.0280514
0.0890525
0.0552128
-0.0169489
-0.0343268
-0.00363074
0.079075
0.140456
0.0415858
0.0915961
0.0677032
0.0286202
0.0780756
-0.0145595
0.0897418
0.0896785
-0.0851404
0.0282862
0.0642082
0.029737
0.0618211
0.0315603
0.0411773
0.0958016
0.028565
0.119051
0.0711459
-0.0344094
0.0582428
-0.00556248
0.113029
0.0471642
0.0811748
0.11793
0.162527
0.0564493
0.0742439
-0.0269428
-0.0532895
-0.0838878
-0.105615
-0.126818
-0.0708797
0.0218314
0.0190127
-0.00115556
0.171096
0.051389
0.0644039
0.010937
0.0430514
-0.112815
-0.00475961
0.0228537
-0.00525556
-0.0217029
-0.0992179
-0.00299828
-0.0604396
-0.15059
0.0108824
0.0978566
0.0577424
0.086761
0.0875561
0.138975
0.0172086
-0.0400336
-0.041513
-0.132555
-0.0639743
-0.0925361
-0.0418431
0.0576871
0.0325154
0.136406
0.0723918
0.0770512
0.0494522
0.0868845
-0.0314228
-0.015675
-0.0273382
-0.00334981
-0.123221
-0.129845
-0.129249
-0.104905
-0.0477932
0.0407061
-0.00328454
-0.0347342
0.0943019
0.0950821
0.105818
0.0181177
0.0663171
0.00662174
-0.159802
-0.0330181
-0.060463
0.0627221
-0.00974533
0.0135204
-0.064631
-0.0280377
0.0230307
0.134179
-0.0393066
0.109798
0.0183124
-0.0124741
-0.0423772
-0.0355929
0.0409142
-0.0913358
0.0477847
-0.0228836
-0.0070607
-0.0462577
-0.0214966
-0.0565465
0.0141937
0.0749563
0.103164
0.0621634
0.0737614
-0.0402214
0.0196932
-0.0412008
-0.0958376
-0.128483
-0.108595
-0.0687942
-0.0642724
-0.0497367
-0.122879
-0.0727367
0.0191021
0.0225286
-0.0151254
0.094073
-0.0134237
-0.07801
0.052644
0.0704124
0.0347474
-0.00365921
-0.0703037
-0.022807
0.035064
-0.0440921
0.152807
0.0630381
0.118751
0.0660794
0.0649369
0.0929662
0.0382752
0.0258142
0.0105135
-0.000695534
-0.071121
-0.0382295
-0.0579817
0.00825684
-0.0124499
-0.0660986
0.0666508
0.0586532
0.035074
0.0320267
0.0431167
0.0160335
0.00157135
-0.0185853
-0.124049
-0.10028
-0.10781
-0.00329819
-0.0174645
-0.0353389
0.119003
0.0908144
0.119365
0.103185
0.101365
0.0516746
0.0123268
0.00882142
-0.0263345
-0.0111496
-0.0307557
0.121348
-0.0697169
-0.00888542
0.0123606
-0.033355
-0.0559063
0.00586981
0.0688337
0.079667
0.0151096
0.00988411
-0.00572916
-0.0174011
-0.0917422
-0.050719
-0.0238688
-0.04111
-0.0049253
-0.0715305
0.0191017
0.0397094
0.0635471
0.0868893
0.0575869
0.0147176
0.0531582
0.028365
0.0128419
-0.00622752
0.0113925
-0.0236376
0.0155476
-0.103532
-0.0452758
0.0118522
-0.0595328
-0.100527
-0.0206359
0.022605
0.022813
0.00890572
-0.00118188
0.0779931
0.0127154
-0.00212528
0.118229
0.0227845
-0.0707121
-0.0385975
-0.0985602
-0.148718
-0.185368
-0.19032
-0.0549384
-0.0709362
0.0364764
0.0423519
0.095364
0.193154
0.0894678
0.121581
0.0637144
0.0381608
-0.08167
-0.0567177
0.00353589
-0.0753301
-0.147788
-0.0255863
0.0721937
0.123687
0.121798
0.0263194
0.0393308
0.00643626
0.0804489
0.0157215
-0.0791838
-0.0431125
-0.116822
-0.105574
-0.0203208
-0.0986436
-0.0473576
0.0123505
0.0594383
-0.0420223
0.0333885
0.0239917
0.00224042
-0.0353973
-0.0399616
0.0538274
-0.0439432
-0.0107844
-0.0185449
-0.0280257
-0.0165172
0.0427305
-0.116041
-0.020657
-0.0716413
-0.0855573
-0.0955456
-0.00647697
-0.00979207
0.0292816
0.0330684
0.0693058
0.0939641
0.190535
0.0859681
0.0759047
0.0924497
0.0342949
-0.00680915
-0.0207102
0.0620279
-0.0815073
-0.0318839
-0.0640139
0.0457171
-0.0925658
0.0135832
-0.00415918
-0.0185128
-0.00849508
0.0579225
0.065309
-0.0226638
0.0400922
-0.0281746
-0.00175574
-0.0670586
-0.0706061
0.0553566
-0.105714
0.0130533
-0.108427
0.0332278
-0.0452025
0.00746709
0.012943
0.034278
-0.0541653
0.0418627
0.0546575
0.0718201
0.0507894
0.103819
0.0482922
0.247599
0.0445887
-0.0375463
0.0125386
-0.0346312
0.026516
0.015523
-0.0229084
-0.124834
0.0104668
0.0105483
0.059164
0.0223639
0.0338887
0.124189
0.0602116
-0.0149071
0.0297558
0.0418421
-0.00788977
0.0124672
-0.0299078
-0.0418117
0.0516791
0.0470167
-0.0722054
-0.00864749
-0.104372
-0.0713492
0.0603351
0.0431178
0.0238284
0.088242
0.12393
-0.0757684
-0.0598363
-0.0539127
0.0168332
0.0527082
-0.00760658
-0.0249377
0.05681
-0.0444358
0.0757425
0.0802358
0.101828
-0.022854
0.0300118
0.0854699
0.0858547
0.0767634
0.0810971
-0.000107017
-0.0131161
0.0284319
0.00124034
-0.0241212
0.103206
0.0607229
-0.0223573
0.0320736
-0.0783031
0.0171671
-0.101027
-0.0637723
-0.075845
-0.0538799
-0.152057
0.037876
0.0151199
0.106031
0.105617
0.00263892
0.0508837
-0.0393417
0.0779636
0.0658794
-0.0517902
0.0820672
0.0374525
-0.0462119
0.0067761
-0.0478473
-0.0468027
-0.0227597
0.00882095
-0.0422128
-0.036541
-0.04951
-0.0325041
-0.129656
-0.114829
0.0332755
-0.0271092
0.00562956
0.0171594
0.0305062
0.0906102
-0.000724224
0.120661
-0.0137676
0.0041865
0.111273
0.020526
-0.0438506
-0.0018235
-0.113593
-0.0560161
0.0311694
-0.0654409
0.0391708
0.0935725
0.0522711
0.0310096
0.0315779
-0.0607686
-0.0574282
-0.0770706
-0.120769
-0.129406
-0.0694389
-0.0670923
-0.00519607
0.0216915
-0.00520404
0.0464904
0.0125545
0.0699076
-0.00600218
0.0322865
0.081509
-0.024209
0.0625985
0.0705745
0.102468
-0.000400687
0.0501104
0.0268486
0.0286691
-0.0130393
-0.0363165
-0.0489779
-0.0643602
-0.0736397
-0.0888677
-0.0768103
-0.090925
-0.0720873
-0.0323761
-0.0912881
-0.0199983
-0.0954064
0.0126632
-0.00242797
0.0335689
0.0356969
0.0212673
0.133752
0.0248547
0.0576557
-0.0626857
0.0202077
0.0166715
0.117212
0.0439107
-0.00781709
0.121174
0.0619169
0.0673081
0.181572
0.0110416
-0.0246625
-0.0599947
-0.0167875
-0.093071
-0.0291227
-0.113598
-0.166655
-0.119147
-0.236917
-0.0706128
0.0491694
-0.0840146
0.0362318
0.0908887
0.0697377
0.0183815
0.0260759
0.00630234
0.0231
-0.0141325
-0.108476
-0.0514487
-0.0683105
-0.0366818
-0.105981
-0.106546
0.046276
0.0597306
-0.107122
-0.0526807
-0.0196592
-0.0472169
-0.179445
-0.0101703
-0.00277412
-0.0551142
-0.0519125
0.0166634
0.0219416
0.0449024
0.0188509
0.035577
-0.034233
-0.0225917
0.125574
0.0665185
0.0151474
0.0235381
0.0482155
-0.0489083
0.0174013
-0.0884229
-0.0355828
-0.0203855
-0.0296162
-0.0601208
-0.0855502
0.0602925
0.0823281
-0.00912296
0.0911777
0.0496709
-0.0270757
-0.0599959
-0.00448862
-0.0816302
0.00786812
-0.110496
-0.0739352
-0.035406
-0.0510423
-0.058477
-0.0526478
-0.0366079
0.0882485
-0.00162268
-0.0258779
0.0958226
0.142316
0.0887619
0.107584
0.00356228
0.0719923
-0.0555991
0.05665
-0.0401985
-0.0303347
0.0158696
0.0313082
0.00357938
0.00196096
0.00624153
0.0194637
0.00556406
-0.0701289
-0.0205
0.077527
-0.00124156
0.0241701
-0.00214341
-0.00471918
-0.000392439
-0.0755205
-0.152641
-0.0837251
0.0311213
-0.00105565
-0.0461284
-0.0375555
-0.0563019
-0.000872922
-0.0109895
0.0673965
0.119217
-0.0563318
0.0165477
-0.000131222
0.0611523
0.0114488
0.0494577
0.0413135
-0.0294442
0.127968
-0.0674369
0.0718874
0.0571753
-0.0392775
0.0701217
0.0396476
0.0663115
0.093239
0.0399776
-0.00395594
-0.0649848
-0.0784486
-0.00912733
-0.0474192
-0.049215
-0.0992891
0.0842393
-0.0115978
0.0332599
0.0839933
-0.014921
0.0191296
0.0346757
0.0575388
-0.0377331
-0.00416504
-0.0158841
-0.109196
-0.130374
-0.103216
-0.015286
-0.096974
0.0199903
0.0719876
0.0346645
0.0163902
0.0083281
-0.0155826
0.0700472
-0.0178274
-0.0600115
0.0155359
-0.0306846
-0.0789155
-0.0335066
0.13641
0.0539285
0.0222667
0.0176435
0.0647497
0.0745829
0.184985
0.0978634
-0.0367405
0.0161256
0.0180995
-0.0134511
0.03642
0.040433
-0.0270134
-0.0161113
-0.0316904
0.066839
0.0772808
0.012596
0.02044
0.0746162
0.0818546
0.143891
-0.0334632
-0.0244158
0.0292229
0.0287708
-0.0976269
0.0255646
0.0179934
-0.0722717
-0.0620942
0.0469665
-0.00944541
0.121965
0.145933
-0.0323545
-0.029215
0.0349106
0.00334644
-0.0300625
-0.01159
-0.0655164
0.0260433
-0.140977
-0.0998651
0.028358
-0.0344121
0.0291177
0.072104
0.095519
0.0810386
0.0854426
0.0778003
0.108574
0.0273662
0.0673353
0.0772359
-0.0163232
0.00124812
0.0142124
-0.0312175
-0.0447918
-0.00856804
-0.043698
-0.0255608
0.0198143
0.0204316
0.0519194
0.0292784
0.0396027
0.00522672
0.0256496
0.106351
0.00689958
-0.01991
0.114194
0.137171
0.0374802
-0.0372877
0.0303618
0.0201641
-0.0150246
-0.012459
-0.0459081
-0.0941696
-0.117051
-0.140486
-0.0746909
0.0134842
0.0271739
0.0256191
0.0700028
0.167833
0.0844502
0.0243341
0.0323905
0.0061755
-0.106809
-0.0746195
0.000648611
-0.150371
-0.175621
-0.130006
-0.0548045
-0.0719328
0.0623762
-0.00612184
0.0214381
0.102162
-0.0325398
0.0267694
0.0506643
-0.107146
-0.0689036
-0.0340112
-0.153674
-0.0556971
-0.067959
-0.0540368
-0.0671365
0.0200785
0.0604233
0.0828814
0.141939
-0.0214235
-0.035543
-0.0399253
-0.109455
0.00588614
0.00945005
-0.0409396
-0.0807818
-0.0619311
0.0243883
-0.143419
-0.0411614
-0.0202589
0.0255926
0.116809
0.103782
0.0112747
0.070059
0.0949985
0.0595055
-0.0646428
-0.0312698
-0.0295492
-0.00646962
-0.0684379
-0.08939
-0.0876969
-0.0812689
0.0168765
-0.044242
0.0581282
0.0720675
-0.0168418
0.0454866
-0.0647506
-0.043161
0.013494
-0.0741619
-0.0214658
0.0727557
0.0375045
0.0514172
0.0286997
0.0981391
0.0174272
0.0655103
0.153009
0.0656654
0.0634208
-0.0302505
-0.0363597
-0.0618929
-0.057901
0.0282839
0.0467649
0.0648112
0.0462291
-0.0190002
0.0583153
0.186741
0.0912666
0.0450926
0.017879
-0.00378327
-0.00496733
-0.149714
-0.0711726
-0.157677
-0.0642725
-0.064065
-0.102574
-0.111064
0.0540718
0.0355722
0.023458
0.109066
0.0888314
0.00235166
0.121992
0.0277488
0.0452044
0.088646
0.0728567
-0.00373654
0.0433031
-0.00167452
-0.00623908
-0.0294133
0.0196089
0.0973493
-0.00880892
0.0237261
0.00908642
0.00833669
0.0524991
-0.000912965
-0.0155547
-0.023081
-0.0344728
-0.0303489
0.0383994
-0.0320093
-0.0883673
-0.0679506
-0.0724062
-0.00741711
0.119148
0.138997
0.047717
0.128282
0.197387
0.0677604
0.0593503
-0.0082999
0.042792
-0.0446234
0.0746546
-0.0137566
-0.0134748
-0.0432966
-0.131379
-0.00770769
-0.0750698
-0.125685
-0.0632296
-0.0726189
-0.0046055
0.0538484
-0.0165161
-0.0170892
0.0168996
0.0769492
0.0180226
0.0176586
-0.168688
-0.101973
-0.120446
-0.260556
-0.133191
-0.139976
-0.0792027
-0.064268
0.0411519
0.023306
0.114625
0.123014
0.0952502
0.0874995
0.0701402
0.107033
0.0537722
-0.0579927
-0.0405505
-0.0414925
-0.0920708
-0.0234388
-0.0277475
-0.056396
-0.0550003
0.0981265
0.0256162
-0.00640559
0.0995305
0.039271
0.17382
0.0769988
-0.0541882
-0.0622356
-0.0556205
-0.0738405
-0.0722302
0.0244177
0.0491913
-0.0664157
0.0372472
0.0491469
0.0372577
0.0802485
0.0496627
0.00369962
0.00119036
-0.049211
0.00134795
-0.0049193
0.0832234
0.102583
0.016693
0.0490462
-0.00789304
0.0400632
0.0896094
0.0786992
0.00652799
-0.0390359
0.0150208
0.00904679
0.0349927
0.0718954
0.0621923
-0.119802
0.0643009
-0.112654
-0.0585722
-0.0721353
-0.113458
-0.117611
-0.0608389
-0.0304423
0.0045655
-0.00673944
0.0546473
0.0544095
-0.00527922
0.0190901
0.107724
0.0469609
0.0584917
-0.0877813
-0.0734161
-0.0785663
-0.118601
-0.0879073
-0.0462333
-0.0250541
0.0921446
0.0293481
0.0490055
0.152771
0.0171375
0.00466074
0.122129
0.0327802
0.0306704
-0.0403316
-0.0101434
-0.0147305
-0.0085584
0.0184685
-0.0308753
0.0272298
-0.0151578
0.1389
-0.048927
0.0114901
-0.0654181
0.0284865
-0.0526207
-0.0305514
-0.146263
-0.106414
-0.0762542
-0.0340272
-0.0276605
0.0416257
0.0083138
5.01415e-05
-0.049522
-0.0694231
0.0315014
-0.0356863
0.0517679
-0.026179
-0.0430042
0.0505888
-0.0239412
-0.049316
-0.00368122
-0.0763548
0.0601074
-0.03144
-0.143259
-0.0655798
-0.0337321
0.0947935
-0.0655171
-0.0658057
0.0780139
-0.0312303
-0.00705082
0.00956504
0.0427897
0.0257216
-0.0192835
-0.0197164
0.00353422
0.135313
0.0401144
-0.022713
0.042343
-0.0382333
-0.00606519
-0.00779861
-0.0961942
0.0562372
-0.0262502
-0.070589
-0.118518
-0.124845
-0.129276
-0.122713
-0.129099
-0.0599915
-0.0507346
-0.041072
0.0299735
0.134704
0.0333837
0.0554091
0.0707043
0.0540989
0.0187068
0.0105101
-0.0438743
-0.0544771
-0.0993415
0.0199314
-0.169032
-0.0109543
-0.0194716
0.0241226
0.0670943
0.077601
0.0966703
0.0643306
0.00380759
-0.0139572
0.0247157
-0.0823297
-0.0837946
-0.156823
-0.0795908
-0.0820598
-0.055208
-0.0141987
0.0910645
-0.0108658
0.074156
0.0639532
-0.152312
0.0655738
0.0946433
-0.0169898
-0.00993759
0.131434
0.0643777
0.0872743
-0.00534966
0.0646029
-0.0409091
-0.070122
-0.123495
-0.0385273
-0.00431614
0.0315527
0.059286
-0.0134883
0.0656524
-0.0207372
0.0249129
0.0791905
-0.0364336
0.00376944
-0.03587
-0.0258644
0.0297712
-0.0496446
-0.0205793
-0.0175011
0.07717
0.0350157
-0.0222593
-0.0202785
-0.0637074
0.0968095
-0.121955
-0.0326062
0.0101183
0.079736
0.068529
0.0903359
0.0128644
0.0206034
-0.0665817
-0.034356
-0.0275365
-0.0259724
0.0308921
-0.00649157
0.00134252
0.0426763
-0.00876525
0.128508
-0.00180639
0.0933766
-0.00335755
-0.0709136
-0.0439716
0.0184159
-0.044785
-0.12837
0.00897261
0.0223174
0.0223251
0.0214741
-0.0803944
0.00239866
0.02861
0.0708281
0.0169816
0.112663
0.0938811
-0.000662324
0.0190183
0.0257955
-0.0419415
-0.158859
-0.0320773
-0.0312443
-0.0505325
-0.0486232
0.0307362
0.0774027
-0.0252411
0.0299349
0.167298
-0.0328393
0.0445479
0.00386302
-0.067524
-0.0414509
-0.0997427
-0.167793
-0.0204031
0.00232197
-0.0293726
-0.0352579
0.0245591
0.0886129
0.0925104
0.0110683
0.0867032
0.000547969
0.0574926
-0.016452
0.000426742
-0.00545345
-0.0405929
0.0493296
0.0786765
0.108452
0.0496944
0.107274
0.0550878
0.0464653
-0.048195
-0.0814198
-0.153055
-0.0114976
0.0268077
-0.0707556
-0.0619989
-0.0399884
-0.115851
0.138961
0.0990212
0.0967006
0.0974006
0.127151
0.0241155
0.0633106
0.0870276
0.00393034
-0.0198481
-0.060634
-0.0430877
-0.0514069
0.00408463
-0.105106
-0.121774
-0.00797839
-0.0238047
-0.0442678
0.0180396
0.0290305
0.0817065
0.0575801
0.0102863
-0.012461
0.0622035
-0.0987105
-0.142992
-0.131443
-0.119652
-0.103564
-0.019191
0.0141591
0.033885
0.0851261
0.181204
0.105106
0.103241
0.119312
-0.0153532
0.00810327
-0.0192125
-0.0957103
-0.0502063
-0.191876
-0.125983
-0.0945954
-0.0376544
-0.0637596
-0.129857
0.0336413
0.139686
0.112508
0.133739
0.215287
0.135763
0.0665834
-0.0223961
-0.000794544
0.0365121
-0.137267
-0.06457
-0.201292
-0.0974044
-0.100671
-0.0172473
0.00140103
0.0946986
0.0222703
0.0152678
-0.0166423
-0.0157374
0.00141446
-0.0691588
-0.081295
-0.081526
-0.161704
-0.124022
-0.104687
-0.147546
-0.0428422
0.0523125
0.026906
0.0695176
0.14119
0.0227066
0.0137118
0.0552368
0.153116
0.0823301
0.0540639
0.092746
0.0455496
0.0688377
-0.0653049
0.0602786
-0.0541031
-0.00669417
0.00114893
0.057488
-0.0475301
-0.00605313
0.0250454
-0.0131406
-0.131185
-0.0372436
-0.0306514
-0.101801
-0.0989864
-0.0900337
0.0289663
-0.00285448
-0.106951
-0.0479728
0.0426721
-0.0544642
0.0120545
0.0314926
-0.0412803
0.0249948
0.122748
-0.014943
-0.0313893
-0.0934982
-0.0455915
-0.0305485
0.0145706
-0.054005
-0.00815036
0.0733387
0.0090111
-0.0691489
0.0522373
-0.0417581
0.0207068
-0.0288608
0.0456388
0.11493
0.00151738
0.00748393
0.0833929
0.0199428
-0.0164704
0.0177509
0.0409335
0.0281678
-0.00452864
0.0891727
0.0815332
0.0772805
-0.00771417
0.0633299
0.0204839
0.0140879
0.00502203
-0.032464
-0.053411
0.0434027
0.0069168
-0.0172052
0.0240718
0.0286258
0.0293245
0.0624689
0.0138651
0.117887
0.0367322
0.0388227
0.00812419
0.0755298
0.065192
0.0408514
-0.0389462
0.0255004
0.008806
-0.0542678
-0.0991698
-0.0751147
-0.0601789
0.00441175
0.100671
-0.0576046
0.0658884
0.025505
0.0216595
0.0216259
-0.0211385
-0.0348757
-0.029892
-0.0329009
-0.0115183
-0.0526217
-0.0792292
-0.0286879
-0.0183837
-0.0155595
0.0158317
-0.0313983
0.0753442
-0.0296504
-0.0279918
-0.000309389
-0.101421
-0.0504933
-0.131452
-0.0162434
-0.0442855
0.0321878
0.0933228
-0.021473
0.0481324
0.119297
0.0163388
-0.00673183
-0.000781596
-0.0149655
-0.0538171
-0.0382908
0.0682623
-0.0328136
0.121505
0.0303553
0.0044138
0.0517316
-0.0115739
0.0647496
-0.012555
-0.0251093
0.0636318
0.0674192
0.112486
-0.00852203
0.111602
0.0191528
0.0486743
0.00332833
0.0441312
-0.0439719
-0.0187864
0.0278045
0.0252809
0.0384815
-0.0457298
0.0576359
0.0660101
-0.0420843
0.0381374
-0.0443949
0.022369
-0.051394
-0.141283
-0.12403
-0.0123607
-0.00332642
0.00422909
0.00940531
-0.0237069
0.00521679
-0.0732992
-0.0270874
-0.0616522
-0.0329285
-0.0724604
-0.018623
-0.104992
-0.00632702
0.00893284
0.0693145
-0.0485095
-0.0504391
-0.0172671
-0.0641185
-0.0358867
0.0592037
0.00166157
0.0805428
0.013667
0.0979213
0.0394377
0.0772636
-0.000526991
0.0831847
0.054716
0.00515507
0.126357
0.030889
0.0626736
-0.0148802
0.0101939
-0.0535697
-0.0278188
-0.0197647
-0.0536593
0.0710018
0.112691
-0.0454922
0.0506214
0.0302849
0.00368311
-0.0506671
-0.0502026
-0.041566
-0.0707006
0.02635
-0.0814724
-0.142451
-0.0266323
0.0278734
0.0482361
-0.067874
0.00938753
-0.00637331
-0.0442137
-0.0993757
-0.048638
0.0437103
0.00136981
-0.109065
-0.00685084
-0.0876196
-0.0548491
-0.021925
-0.0813366
-0.0567174
0.0295804
0.0371801
0.00914969
0.0845943
0.169265
0.130505
0.153979
0.161223
0.098642
0.0467247
0.116407
-0.0514884
-0.0200564
0.0236295
-0.0202004
0.0320336
-0.000166883
0.0312633
-0.0093767
-0.00930976
0.0999852
-0.0254017
-0.0227586
-0.0452653
-0.0962111
-0.114498
-0.047723
-0.0184446
0.0150424
-0.0831147
-0.0314592
0.00747975
-0.0129899
0.0664802
0.0375072
0.0233866
0.0276231
0.0695168
-0.023724
-0.0395137
0.0103692
-0.101938
-0.117414
-0.0368
-0.0863813
0.00954842
-0.0635238
0.0373816
0.0955913
0.0536699
0.0362515
0.0139419
-0.0458686
0.00229198
0.0177928
-0.0248765
0.0322598
-0.00764608
0.0687261
-0.119015
0.0601752
-0.00222952
0.039549
-0.00769766
0.0176174
-0.0539849
-0.00011733
-0.00695613
0.081196
0.107197
0.00496695
-0.0153926
-0.0218589
-0.0322762
0.0203554
0.0419297
-0.00820124
-0.0672412
0.0478429
0.0714387
0.019364
0.0431678
0.0379705
-0.0512976
-0.156183
-0.0857255
-0.138801
-0.024437
0.0328001
-0.140594
0.080523
0.0377538
0.0330251
0.0240362
0.10849
-0.0281763
0.00524005
-0.0711426
-0.0457932
0.0241342
-0.0879358
-0.160906
-0.0956557
-0.134585
-0.0839104
-0.0818673
1.24894e-05
-0.032525
0.0380881
0.0173718
0.0406093
0.0403665
0.0359216
0.0752052
0.114778
0.0248227
0.0334914
0.0725043
0.087541
0.0645583
0.0825346
0.0295548
0.115967
0.0203749
0.0418515
-0.108778
-0.00067314
-0.0310826
-0.115297
-0.0087662
0.0370946
-0.0156506
0.00916982
0.0675892
0.036053
0.121396
0.0289011
0.0505877
-0.0299351
0.0279001
-0.0454715
-0.00475016
-0.061273
-0.107746
-0.0549122
-0.0240155
-0.00797942
-0.0216514
-0.0975505
-0.0427752
0.0146158
0.0944045
-0.0479484
-0.0431983
0.0112614
-0.0603818
0.0213498
0.0605121
0.0315908
-0.0681422
0.0104548
0.0372307
-0.0251392
-0.0800524
-0.0858226
0.00271413
-0.0174897
-0.0314191
0.0273796
-0.0633755
-0.0885767
-0.125862
-0.0922835
-0.0826435
-0.00588749
-0.0847816
-0.00226665
0.0616856
0.0011772
-0.0258643
0.101774
0.100147
-0.0437089
-0.0758079
0.115838
-0.0667099
-0.081138
-0.0430333
0.000431064
0.0351379
-0.0923363
-0.0386508
-0.00499627
-0.0102084
0.067332
0.165932
0.0777848
-0.0268583
0.0576893
0.00779207
0.0815419
0.00878638
0.0398326
-0.00727082
0.0202999
0.0212168
-0.0279718
0.0310298
0.0807379
-0.105335
0.0578454
-0.0148301
-0.0998693
-0.0510311
-0.0712774
0.0610672
-0.0300286
0.0822502
0.122951
0.016381
-0.0180887
0.023296
0.11351
-0.0490632
-0.061737
-0.149778
-0.0693361
-0.0120862
-0.0435556
-0.0317257
-0.135292
-0.0778432
-0.0786516
-0.00328492
0.0250647
-0.0257966
0.0786557
0.0815553
-0.0529331
-0.165031
-0.0794356
-0.0242123
-0.0725748
-0.107223
0.103667
-0.0107114
-0.0215434
-0.113622
0.0600305
-0.0552319
-0.0131866
-0.0911976
-0.000204651
0.0250259
-0.0269254
0.149871
-0.0231666
0.128789
